Port: 61173
1110111011110101100010001010110110010000110110110100110000100000
1011100110011100011100010101110101101110101010010000110001010000
1111111011110101000010110101011110101101100001100100011101110001
1110111011110101000010100011001101110000101100001000110000110100
0111011110010100111011100111111000110100110111101000011010001111
0000000000000000000000000000000000000000000000000000000000000010
0001110000111110100010100101000011000011000011110100001000010110
0111011110010100011000111111010101011001010010010000011101111110
0000000100000000000000000000000000000000000000000000000000000000
0000000000000000000000000000000000000000001000000000000000000000
0000000000000000000000000000000000000000000000100000000000000000
1110111011110101000010010010001011110110011011111000110100101011
0001110000111110111101010111100001101101001000110100010100001001
0001110000111110101100000000101111011000100010001000011100010100
0111011110010100010110000101111100101101011100110000110000001010
1011100110011100111001111101001111110000011111111110110101101000
0001110000111110101101111001011010100000011101110100011000001011
0000000000000000001000000000000000000000000000000000000000000000
0111011110010100001110010001011010011101100111101100011100011011
1011100110011100111000110011111111010010111010011000011101110110
0111011100010100000010110010101101000111111011011000110001010110
1110111011110101000111000101101001010111001001100000111001001000
0111011110010100001010101011100110011111010011111000110001000010
1110111011110101000011000101011011011000001001000000011011001000
0011100110011100100010100111000101010111100101100000110100011101
1110011011110101000011101010001000001110010011000000011010010101
0000000000000000001000000000000000000000000000100000000000000000
1110111011110101000010111001111010010100011101000000011101010111
0111011110010100001111101000111011001011110111010100110100001000
0111011110010100111101100010010110010111011111010000011000001001
0000000000000000000000000000000000000000000000000000000000000000
0111011110011100001111100100100011011010110101000000110000110010
1011100110011100100111001100010111110111011011001000011101000101
0001110000111110110100101000011110111011001110110000110100111100
1110111011110101000111100111111010010101010000010100010100100001
0000000000000000000000000000000000000000000000000000000100000000
0001110000111110011000010001001100000111000000000000011110010001
1110111011110101011010010101000010001101011110000100011110011111
0000000000000001000000000000000000000000000000000000000000000000
0111011110010100111011100111111000110100110111101000011010001011
0001110000111110000110000110011011001010110010011100110100011000
1110111011110100000011001001101000010111101000000100011101000001
1011100110011100010001111111000111101110000011000100011001101010
1011100110011100010110000110000010101101000100100000011100000000
0001110000111110101110000001101100100010000010100000011100111000
1011100110011100001111110010010010111011010100101100110000101100
0000000000000000000000000000000000000000000000000000000000000000
1110111011110101000100110100000000010101011100101100011100000001
0000000000000000000000000000000010000000000000000000000000000000
0111011110010100110100011111111001011010101010000000110001010100
1011100110011100111110001110110100111110001110101000011000101011
1110111011110101000111100001111100001000101011110000011001111011
1110111011111101001000000001101011111000001101100000011001011001
1110011011110101000100110100000000010101011100101100011100000001
1011100110011100001101010000101101101000010000110000110001001010
0001110000111110000110000100011011001010110010011100110100011000
1110111011110101000010010110000000101110011011000100011100011110
0000000000000000000000000000000000000000000000000000000000000100
0111011110010100111110001011001111111100000000000100110000011011
0000000000000000000000000000000000000000000000000000000010000000
0000000000000000000000000000000000000100000000000000000000000000
1011100010011100011010000101111100000010010100110100011000001010
0111011110000100101111101110110010001000010001010000110000011001
0111001110000100101111101110110010001000010001010000110000011001
0111011110010100010011110001110110101101011011001000110000110001
1110111011110101000111000101101001010111001001100000110001001000
0000000000000000000000000000000000000000000000000000000000000000
1011100110011100111001111101001111110000011111111100110101101000
0000000000000000010000000000000000000000001000000000000000000000
0000000000000000000000000000000000000010000000000000000000000000
1011100110011100010111110010101000001011100101111100011010000011
1011100110011100101010100101101101001011110111001100110101000010
0000000000000000000000000000010000000000000000000000000000000100
0111011110010100000010110010101101000111111011011000110001010110
1111100110010100111011111001001101001001100111001000011001100011
1110011011110101000100100010000110110111100000101100110000101110
0000010000000000000000000000000000000000000000000000000000010000
1110111011110101000000000000101101000000111110000100011000010110
1011100110011100001100101101111011000010100000100100110000111110
0001100000111110000011000100010000010110010100011000110001000111
1110111011100101000010011011101111001011001001010000110101000101
1110010011110101001100101001111010010001000001111100011000100100
1110111011110101000110100001111100001000101011110000011001111011
0111011110010100110101101011011010111110000101011100110101000111
0001110000111110110100101000011110111011001110010000110100111100
1110111011110101000101101111101000110111111001010000110100101010
0000000000000000000000000000001000000000000000000000000000000000
1110011011110101000010010110101011001100101000110100011100000101
1110111111110101000101111100010100000000110100010100011100001011
0111011110010100101000111111010100100100011010111000011110001001
0111011110010100111110000011001111111100000000000100110000011011
0111011110010100001001100100111011001000100000011000011101111001
1011100110011100011100010101110101101110101010010000110001010100
0001110000111110100111001011110110101011011110100000110000011101
1011100110011100001000100101001110011100100101001000011100100101
1011100110011100110000111011001110110010000111111100110001011100
0001110000111110100010110100001100110101011001100000110001110010
0001110000111110100010010111010100011101001010101000110000110001
0111011110010100011110101100001110010011110001010000110101100101
0001110000111110010100101101011011111101010111101100011100111101
0111011110010100011101110100101011000110011011001100011100111010
1110111111110101000101111100010100000000110100010100011100001010
1110111011110101000010110101000110110101011010111100011010011010
1110111011010101101010100011101001100110011101110000011001100011
0001110000111110111110010010101000101110011011111100011000001010
0000000000010000010000000000000000000000000000000000000000000000
1011100110011100000010000111111100010010101011100000011100110101
1110111011110101000010001010110110010000110110110100110000100000
1011100110011100100011000110110001010101000001111000011101011111
1110111011110101000010101011000110100010100000001100110100101001
0000000000000000000000000000000000000000100000000000000000000000
0111011110010100010111110111000001011110101000110100011010000111
1110011011110101000010100011001101110000101100001000110000110100
0111011110010100101110101100011111000000011000100100011010001000
0000000000000000000000000000000000000000000000000000000000000000
1011100110011100101100010000111010111011000111001100011100001110
0001110000111110010100101101011011111101011111101100011100111101
1110111011110101000111100111111010010101010000010100110100100001
0111011110010100111000111000100000001000000110001000100101001111
0001110000111110100101100001011100100001100000000000110101000110
1110111011110101010001100110001001110101011101010000011001101100
1011100110011100010010111101000001111001001100001100011000000010
0001110000111110100010100101000011000011000011110100011000010110
0001110000111100100111001011110110101011011110100000110000011101
0001110000111110000011000100010000010110010100011000110001000111
0111011110010100100000101011011101100100000110001100011100111001
0000000000000000000000000000000000000000010000000000000000000000
0001110100111110001111101111001001000101000100110100110001010001
0011100110011100100010100111000101010111100101100000100100011101
0001110000111110001011010010001110001110110000010000011001110001
0111011110010100011111001010000000011010110000110100011100000100
1110111011110101000011001001101000010111101000000100011101000001
1011100110011100101111011100110110010000100001010100011001010011
1110111011110101000011111010010101100111111001001100011101010111
1011100110011100011011010010001001000011110011111100011101001000
0111011110010100111001101100011111001111111100010000110100110101
0111011110010100110001101011011010111110000101011100110101000111
0000000000000000000000000000000000000000000000000000000000000000
0111011110010100001110111010011001101100001111011000011001011001
1110111011111101000001110011110111000010101010111000011101101010
1110111011110101000011000111001101000110100001100100011100010010
0000000000000000000000000000000000000000100000000000000000000000
1011110110011100000010100100000010011110000011111100011001100010
1100111011110101000010000000111011100000011010000000011001011111
1011100110011100110000001111100000011100001100000100011110000110
1011100110011100111001000110010010010000101100111100011101111010
1011100110011100010110110001100010010100101110000110011001101010
0101110000111110000110100000100010100100100001101000110001011101
0001110000111110110011001110111001101000110111110100011100000000
0001110000111110001100100111011000000111010001100000011100011100
0000000001000000000000000000000000000000000000000000000000000000
0000000000000100000000000000000000000010000000000000000000000000
0000000000000000000000000000000001000000000000000000100000000000
1011100110011100111010001110001100110011011100000000011101000110
0111011110010100010101100000011100000100111110010100011010011111
1110111011010101101010100011101001110110011101110000011001100011
0000000000000000000000000000000000000000000000000000000000000000
0000000000000000000000000000000000000000000000000001000000000000
0111011110010100100101001110000110110000100000010100110101110011
0001110000111110000100111100000111111101111101001000011001001100
1110111011110101011011010101000010001101011110000100011110011111
1110110011110101001100101001111010010001000001111100011000100100
0000000000000000000000000000000000000000000000000010000000000000
0000000000000000000000000000000000000000000000000000000000000000
0000000000000000000000000000000000000001000000000000000000000000
0001110000111110111010000000110011010110000110101100110000111001
0000000100000000000000000000000000000000000000000000000000100000
1110111011110101001101010010101100100110110001100000011001100000
0000000000000000000000000000000000000000000000000000000000000000
1011100110010100111011111001001101001001100111001000011001100011
0000000000000000000000000000000000000000000000000000000000010000
0001110000111110010100000000110100000011101000001100110001000111
0000000000010000000000000000000000000000000000000000000000000000
0111011110010100110001000100000111100101010110111100011110001011
0000000000000000000000000000010000000000000000000000000000000000
0000000000000000000000000000000000000000000000000000000000000000
0000000000000000000000000000000000000000000000000000000000000000
1110011011110101000010010110101011001100100000110100011100000101
0111011110010100111010101111011000001000010011011100011001001111
1110011011110101000110100010000110110111100000101100110000101110
1110111011110101000000000000101101000000111110001100011000010110
1011100110011100001110101110111101010011111100110100011010000010
0111011110010100011010010111111010001010100111001100110000100000
0001110000111110010100101001100011010001011001100100110101110100
1110111011111101001000000001101011111000011101100000011001011001
0000000000000000000000000000000000000000000000000000100000000000
0111011110010100001100011000110101110000001011001000011100100101
0000000000000000000000000000000000000000000000000000000000000000
0000100000000000000000000000000000000000000000000000000000000000
0111011110010100111001101100111111001111111100010000110100110101
0000000000000000000000000000000000000000000000000000000000000000
0001110000111110110110010010101000101110011011111100011000001010
1011100110011100111010011100110010000001001100011000011111010010
1011100110011100100001010110000010100000110011101000011101110001
1110101011110101000101101111101000110111111001010000110100101010
0000000000000000010000000000000000000001000000000000000000000000
0001110000111110001011110010001110001110110000010000011001110001
1110111011111101000101001100100110000000111011110000110100110010
0000000000000000000000000000000000000000010000000000000000000000
1110111011110101000001110011110111000010101010111000011101101010
